return model =
  name: 'Karceras'
  level: 5
  model: 9
  size: 1
  specs:
    shield:
      capacity: [190,265]
      reload: [6,8]
    generator:
      capacity: [100,165]
      reload: [40,55]
    ship:
      mass: 175
      speed: [80,110]
      rotation: [60,90]
      acceleration: [100,130]
  bodies:
    main:
      section_segments: 12
      offset:
        x: 0
        y: 0
        z: 0
      position:
        x: [0,0,0,0,0,0,0,0,0]
        y: [-120,-90,-45,-22.5,0,22.5,45,90,80]
        z: [0,0,0,0,0,0,0,0,0]
      width: [15,20,20,20,20,20,20,20,0]
      height: [15,20,20,20,20,20,20,20,0]
      texture: [3,3,3,3,3,3,63,17]
      propeller: true
    cockpit:
      section_segments: 12
      offset:
        x: 0
        y: -125
        z: 15
      position:
        x: [0,0,0,0,0,0,0]
        y: [-30,-10,10,30,60]
        z: [-5,0,0,0,0]
      width: [0,10,13,10,5]
      height: [0,9,12.5,9,5]
      texture: 9
    mainridge:
      section_segments: 12
      offset:
        x: 0
        y: 0
        z: 15
      position:
        x: [0,0,0,0,0,0,0,0,0]
        y: [-80,-80,-40,-20,0,20,45,80,80]
        z: [-5,-5,0,0,0,0,0,-5,-5]
      width: [0,10,10,10,10,10,10,10,0]
      height: [0,10,10,10,10,10,10,10,0]
      texture: [4,3,3,3,3,3,63,4]
    guns1:
      section_segments: 12
      offset:
        x: 110
        y: 40
        z: 0
      position:
        x: [0,0,0,0,0,0,0,0,0]
        y: [-45,-50,-25,-12.5,0,12.5,25,50,50]
        z: [0,0,0,0,0,0,0,0,0]
      width: [0,15,15,15,15,15,15,15,0]
      height: [0,15,15,15,15,15,15,15,0]
      texture: [4,63,3,3,3,3,3,4]
      angle: 3
      laser:
        damage: [10,13]
        rate: 5
        type: 1
        speed: [140,200]
        number: 1
        error: 0
    guns2:
      section_segments: 12
      offset:
        x: 0
        y: -140
        z: 0
      position:
        x: [0,0,0,0,0,0,0,0,0]
        y: [-15,-20,-10,-5,0,5,10,20,20]
        z: [0,0,0,0,0,0,0,0,0]
      width: [0,15,15,15,15,15,15,15,0]
      height: [0,15,15,15,15,15,15,15,0]
      texture: [4,63,3,3,3,3,3,3]
      laser:
        damage: [10,13]
        rate: 5
        type: 1
        speed: [140,200]
        number: 1
        error: 0
    guns1propellers:
      section_segments: 12
      offset:
        x: 110
        y: 135
        z: 0
      position:
        x: [3,3,1.5,0.625,0.3125,0.15625,0.078125,0,0]
        y: [-50,-50,-25,-12.5,0,12.5,25,50,45]
        z: [0,0,0,0,0,0,0,0,0]
      width: [0,15,15,15,15,15,15,15,0]
      height: [0,15,15,15,15,15,15,15,0]
      texture: [4,3,3,3,3,3,63,17]
      propeller: true
  wings:
    wing1:
      doubleside: true
      offset:
        x: 20
        y: 0
        z: 0
      length: [100]
      width: [70,30,50]
      angle: [0,0]
      position: [55,75,85]
      texture: 3
      bump:
        position: 30
        size: 10